92
106
35
194
3
71
23
122
138
233
234
200
103
211
127
170
179
78
186
176
220
115
99
136
206
256
163
123
193
9
152
21
26
177
244
240
210
46
20
55
33
82
252
125
45
36
83
93
195
17
232
32
190
52
13
100
191
216
66
161
47
75
218
155
94
79
173
236
180
61
27
15
49
111
245
73
146
227
85
235
175
34
97
130
202
14
108
247
198
39
72
174
133
25
87
31
50
60
124
209
215
224
139
172
158
98
208
95
189
150
164
132
255
126
184
129
120
69
212
196
230
37
11
6
145
134
197
19
221
4
76
251
178
238
64
144
57
187
59
143
131
248
12
16
56
167
63
24
41
242
217
141
229
213
81
86
140
74
201
8
137
243
151
2
241
107
5
118
112
29
153
30
188
96
159
77
105
239
48
67
219
113
181
228
148
43
40
199
84
231
214
51
116
53
117
62
253
160
54
88
165
154
89
237
121
70
101
182
65
7
44
205
28
1
249
250
10
169
135
102
128
119
149
104
