0679
0334
0977
0957
0889
0949
0907
0835
0402
0979
0601
0780
0505
0674
0616
0599
0926
0755
0859
0641
0916
0924
0299
0604
0974
0468
0394
0367
0337
0763
0491
0821
0516
0966
0622
0645
0661
0871
0452
0920
0925
0542
0934
0543
0749
0986
0453
0890
0975
0393
0345
0507
1003
0486
0819
0526
0658
0533
0498
0358
0814
0965
0927
0870
0919
0776
0681
0946
0485
0796
0678
0773
0922
0852
0472
0829
0541
0817
0937
0988
0494
0951
0935
0911
0664
0953
0490
0901
0960
0380
0555
0480
0611
0400
0326
0519
0558
0449
0600
1005
0549
0813
0335
0944
0787
0369
0357
0961
0875
0757
0460
1008
0913
0882
0770
0747
0316
0318
0496
0657
0634
0637
0635
0508
0339
0317
0666
0659
0672
0784
0832
0877
0794
0943
0800
0531
0775
0941
0857
0553
0605
0470
0295
0663
0376
0392
0368
0847
0379
0396
0617
0758
0544
0810
0618
0905
0792
0323
0903
0781
0607
0764
0488
0665
0509
0401
0826
0797
0973
0769
0839
0993
0760
0828
0537
0451
0640
0844
0841
1002
0980
0991
0918
0771
0864
0995
0759
0559
0697
0892
0447
0552
0909
0840
0450
0849
0504
0881
0831
0372
0344
0314
0756
0483
0848
0481
0462
0884
0908
0523
0457
0550
0628
0981
0476
0834
0952
0767
0815
0655
0912
0354
0360
0823
0962
0869
0639
0349
0936
0613
0791
0474
0361
0373
0662
0324
0320
0906
0325
0630
0793
0786
0341
0696
0554
0539
0992
0989
0466
0652
0297
0822
0762
0606
0816
0768
0766
0298
0963
0931
0461
0348
0878
0677
0789
0612
0885
0824
0330
0647
0497
0631
0867
0336
0551
0365
0381
0956
0825
0319
0807
0375
0940
0978
0517
0629
0910
0651
0347
0610
0321
0856
0534
0484
0627
0938
0352
0644
0649
0872
0898
0820
0370
0366
0790
0660
0557
0955
0783
0614
0513
0997
0506
0514
0894
0374
1010
1000
0632
0675
0469
0673
0620
0322
0774
0633
0503
0929
0529
0353
0948
0329
0933
0754
0315
0954
0939
0785
0860
0746
0700
0998
0331
0502
0972
0626
0510
0950
0667
1001
0932
0970
0548
0623
0845
0827
0798
0624
0518
0803
0656
0971
0876
0650
0873
0560
0351
0455
0818
0638
0782
0475
0914
0454
0489
0788
0668
0984
0843
0395
0676
0855
0546
0446
0495
0653
0802
0465
0338
0458
0528
0500
0561
0761
0753
0994
0772
0535
0830
0982
0493
0603
0343
0511
0866
0619
0886
0356
0838
0868
0750
0811
0967
0858
0464
0609
0473
1006
0808
0327
0928
0536
0851
0399
0643
0654
0880
0969
0615
0371
0947
0806
0328
0530
0545
0990
0853
0471
0342
0456
0879
0477
0887
0479
